0  0  Missingno  1  0  50  50  50  50  50  50  0  0  0
1  0  Bulbasaur  12  4  45  49  49  65  65  45  65  0  34
2  0  Ivysaur  12  4  60  62  63  80  80  60  65  0  34
3  0  Venusaur  12  4  80  82  83  100  100  80  65  0  34
4  0  Charmander  10  0  39  52  43  60  50  65  66  0  94
5  0  Charmeleon  10  0  58  64  58  80  65  80  66  0  94
6  0  Charizard  10  3  78  84  78  109  85  100  66  0  94
7  0  Squirtle  11  0  44  48  65  50  64  43  67  0  44
8  0  Wartortle  11  0  59  63  80  65  80  58  67  0  44
9  0  Blastoise  11  0  79  83  100  85  105  78  67  0  44
10  0  Caterpie  7  0  45  30  35  20  20  45  19  0  50
11  0  Metapod  7  0  50  20  55  25  25  30  61  0  61
12  0  Butterfree  7  3  60  45  50  80  80  70  14  0  110
13  0  Weedle  7  4  40  35  30  20  20  50  19  0  50
14  0  Kakuna  7  4  45  25  50  25  25  35  61  0  61
15  0  Beedrill  7  4  65  80  40  45  80  75  68  0  97
16  0  Pidgey  1  3  40  45  40  35  35  56  51  77  145
17  0  Pidgeotto  1  3  63  60  55  50  50  71  51  77  145
18  0  Pidgeot  1  3  83  80  75  70  70  91  51  77  145
19  0  Rattata  1  0  30  56  35  25  35  72  50  62  55
20  0  Raticate  1  0  55  81  60  50  70  97  50  62  55
21  0  Spearow  1  3  40  60  30  31  31  70  51  0  97
22  0  Fearow  1  3  65  90  65  61  61  100  51  0  97
23  0  Ekans  4  0  35  60  44  40  54  55  22  61  127
24  0  Arbok  4  0  60  85  69  65  79  80  22  61  127
25  0  Pikachu  13  0  35  55  30  50  40  90  9  0  31
26  0  Raichu  13  0  60  90  55  90  80  100  9  0  31
27  0  Sandshrew  5  0  50  75  85  20  30  40  8  0  146
28  0  Sandslash  5  0  75  100  110  45  55  65  8  0  146
29  0  Nidoran-F  4  0  55  47  52  40  40  41  38  79  55
30  0  Nidorina  4  0  70  62  67  55  55  56  38  79  55
31  0  Nidoqueen  4  5  90  82  87  75  85  76  38  79  125
32  0  Nidoran-M  4  0  46  57  40  40  40  50  38  79  55
33  0  Nidorino  4  0  61  72  57  55  55  65  38  79  55
34  0  Nidoking  4  5  81  92  77  85  75  85  38  79  125
35  0  Clefairy  1  0  70  45  48  60  65  35  56  98  132
36  0  Clefable  1  0  95  70  73  85  90  60  56  98  109
37  0  Vulpix  10  0  38  41  40  50  65  65  18  0  70
38  0  Ninetales  10  0  73  76  75  81  100  100  18  0  70
39  0  Jigglypuff  1  0  115  45  20  45  25  20  56  0  132
40  0  Wigglytuff  1  0  140  70  45  75  50  45  56  0  119
41  0  Zubat  4  3  40  45  35  30  40  55  39  0  151
42  0  Golbat  4  3  75  80  70  65  75  90  39  0  151
43  0  Oddish  12  4  45  50  55  75  65  30  34  0  50
44  0  Gloom  12  4  60  65  70  85  75  40  34  0  1
45  0  Vileplume  12  4  75  80  85  100  90  50  34  0  27
46  0  Paras  7  12  35  70  55  45  55  25  27  87  6
47  0  Parasect  7  12  60  95  80  60  80  30  27  87  6
48  0  Venonat  7  4  60  55  50  40  55  45  14  110  50
49  0  Venomoth  7  4  70  65  60  90  75  90  19  110  147
50  0  Diglett  5  0  10  55  25  35  45  95  8  71  159
51  0  Dugtrio  5  0  35  80  50  50  70  120  8  71  159
52  0  Meowth  1  0  40  45  35  40  40  90  53  101  127
53  0  Persian  1  0  65  70  60  65  65  115  7  101  127
54  0  Psyduck  11  0  50  52  48  65  50  55  6  13  33
55  0  Golduck  11  0  80  82  78  95  80  85  6  13  33
56  0  Mankey  2  0  40  80  35  35  45  70  72  83  128
57  0  Primeape  2  0  65  105  60  60  70  95  72  83  128
58  0  Growlithe  10  0  55  70  45  70  50  60  22  18  154
59  0  Arcanine  10  0  90  110  80  100  80  95  22  18  154
60  0  Poliwag  11  0  40  50  40  40  40  90  11  6  33
61  0  Poliwhirl  11  0  65  65  65  50  50  90  11  6  33
62  0  Poliwrath  11  2  90  85  95  70  90  70  11  6  33
63  0  Abra  14  0  25  20  15  105  55  90  28  39  98
64  0  Kadabra  14  0  40  35  30  120  70  105  28  39  98
65  0  Alakazam  14  0  55  50  45  135  85  120  28  39  98
66  0  Machop  2  0  70  80  50  35  35  35  62  99  80
67  0  Machoke  2  0  80  100  70  50  60  45  62  99  80
68  0  Machamp  2  0  90  130  80  65  85  55  62  99  80
69  0  Bellsprout  12  4  50  75  35  70  30  40  34  0  82
70  0  Weepinbell  12  4  65  90  50  85  45  55  34  0  82
71  0  Victreebel  12  4  80  105  65  100  60  70  34  0  82
72  0  Tentacool  11  4  40  40  35  50  100  70  29  64  44
73  0  Tentacruel  11  4  80  70  65  80  120  100  29  64  44
74  0  Geodude  6  5  40  80  100  30  30  20  69  5  8
75  0  Graveler  6  5  55  95  115  45  45  35  69  5  8
76  0  Golem  6  5  80  110  130  55  65  45  69  5  8
77  0  Ponyta  10  0  50  85  55  65  65  90  50  18  49
78  0  Rapidash  10  0  65  100  70  80  80  105  50  18  49
79  0  Slowpoke  11  14  90  65  65  40  40  15  12  20  144
80  0  Slowbro  11  14  95  75  110  100  80  30  12  20  144
81  0  Magnemite  13  9  25  35  70  95  55  45  42  5  148
82  0  Magneton  13  9  50  60  95  120  70  70  42  5  148
83  0  Farfetch'd  1  3  52  65  55  58  62  60  51  39  128
84  0  Doduo  1  3  35  85  45  35  35  75  50  48  77
85  0  Dodrio  1  3  60  110  70  60  60  100  50  48  77
86  0  Seel  11  0  65  45  55  45  70  45  47  93  115
87  0  Dewgong  11  15  90  70  80  70  95  70  47  93  115
88  0  Grimer  4  0  80  80  50  40  50  25  1  60  143
89  0  Muk  4  0  105  105  75  65  100  50  1  60  143
90  0  Shellder  11  0  30  65  100  45  25  40  75  92  142
91  0  Cloyster  11  15  50  95  180  85  45  70  75  92  142
92  0  Gastly  8  4  30  35  30  100  35  80  26  0  0
93  0  Haunter  8  4  45  50  45  115  55  95  26  0  0
94  0  Gengar  8  4  60  65  60  130  75  110  26  0  0
95  0  Onix  6  5  35  45  160  30  45  70  69  5  133
96  0  Drowzee  14  0  60  48  45  43  90  42  15  108  39
97  0  Hypno  14  0  85  73  70  73  115  67  15  108  39
98  0  Krabby  11  0  30  105  90  25  25  50  52  75  125
99  0  Kingler  11  0  55  130  115  50  50  75  52  75  125
100  0  Voltorb  13  0  40  30  50  55  55  100  43  9  106
101  0  Electrode  13  0  60  50  70  80  80  140  43  9  106
102  0  Exeggcute  12  14  60  40  80  60  45  40  34  0  139
103  0  Exeggutor  12  14  95  95  85  125  65  55  34  0  139
104  0  Cubone  5  0  50  50  95  40  50  35  69  31  4
105  0  Marowak  5  0  60  80  110  50  80  45  69  31  4
106  0  Hitmonlee  2  0  50  120  53  35  110  87  7  120  84
107  0  Hitmonchan  2  0  50  105  79  35  110  76  51  89  39
108  0  Lickitung  1  0  90  55  75  60  75  30  20  12  13
109  0  Koffing  4  0  40  65  95  60  45  35  26  0  0
110  0  Weezing  4  0  65  90  120  85  70  60  26  0  0
111  0  Rhyhorn  5  6  80  85  95  30  30  25  31  69  120
112  0  Rhydon  5  6  105  130  120  45  45  40  31  69  120
113  0  Chansey  1  0  250  5  5  35  105  50  30  32  131
114  0  Tangela  12  0  65  55  115  100  40  60  34  102  144
115  0  Kangaskhan  1  0  105  95  80  40  80  90  48  113  39
116  0  Horsea  11  0  30  40  70  70  25  60  33  97  6
117  0  Seadra  11  0  55  65  95  95  45  85  38  97  6
118  0  Goldeen  11  0  45  67  60  35  50  63  33  41  31
119  0  Seaking  11  0  80  92  65  65  80  68  33  41  31
120  0  Staryu  11  0  30  45  55  70  55  85  35  30  148
121  0  Starmie  11  14  60  75  85  100  85  115  35  30  148
122  0  Mr. Mime  14  0  40  45  65  100  120  90  43  111  101
123  0  Scyther  7  3  70  110  80  55  80  105  68  101  80
124  0  Jynx  15  14  65  50  35  115  95  95  12  108  87
125  0  Electabuzz  13  0  65  83  57  95  85  105  9  0  72
126  0  Magmar  10  0  65  95  57  100  85  93  49  0  72
127  0  Pinsir  7  0  65  125  100  55  70  85  52  104  153
128  0  Tauros  1  0  75  100  95  40  70  110  22  83  125
129  0  Magikarp  11  0  20  10  55  15  20  80  33  0  155
130  0  Gyarados  11  3  95  125  79  60  100  81  22  0  153
131  0  Lapras  11  15  130  85  80  85  95  60  11  75  93
132  0  Ditto  1  0  48  48  48  48  48  48  7  0  150
133  0  Eevee  1  0  55  55  50  45  65  55  50  91  107
134  0  Vaporeon  11  0  130  65  60  110  95  65  11  0  93
135  0  Jolteon  13  0  65  65  60  110  95  130  10  0  95
136  0  Flareon  10  0  65  130  60  95  110  65  18  0  62
137  0  Porygon  1  0  65  60  70  85  75  40  36  88  148
138  0  Omanyte  6  11  35  40  100  90  55  35  33  75  133
139  0  Omastar  6  11  70  60  125  115  70  55  33  75  133
140  0  Kabuto  6  11  30  80  90  55  45  55  33  4  133
141  0  Kabutops  6  11  60  115  105  65  70  80  33  4  133
142  0  Aerodactyl  6  3  80  105  65  60  75  130  69  46  127
143  0  Snorlax  1  0  160  110  65  65  110  30  17  47  82
144  0  Articuno  15  3  90  85  100  95  125  85  46  0  81
145  0  Zapdos  13  3  90  90  85  125  90  100  46  0  31
146  0  Moltres  10  3  90  100  90  125  85  90  46  0  49
147  0  Dratini  16  0  41  64  45  50  50  50  61  0  63
148  0  Dragonair  16  0  61  84  65  70  70  70  61  0  63
149  0  Dragonite  16  3  91  134  95  100  100  80  39  0  136
150  0  Mewtwo  14  0  106  110  90  154  90  130  46  0  127
151  0  Mew  14  0  100  100  100  100  100  100  28  0  0
152  0  Chikorita  12  0  45  49  65  49  65  45  65  0  102
153  0  Bayleef  12  0  60  62  80  63  80  60  65  0  102
154  0  Meganium  12  0  80  82  100  83  100  80  65  0  102
155  0  Cyndaquil  10  0  39  52  43  60  50  65  66  0  18
156  0  Quilava  10  0  58  64  58  80  65  80  66  0  18
157  0  Typhlosion  10  0  78  84  78  109  85  100  66  0  18
158  0  Totodile  11  0  50  65  64  44  48  43  67  0  125
159  0  Croconaw  11  0  65  80  80  59  63  58  67  0  125
160  0  Feraligatr  11  0  85  105  100  79  83  78  67  0  125
161  0  Sentret  1  0  35  46  34  35  45  20  50  51  119
162  0  Furret  1  0  85  76  64  45  55  90  50  51  119
163  0  Hoothoot  1  3  60  30  30  36  56  50  15  51  110
164  0  Noctowl  1  3  100  50  50  76  96  70  15  51  110
165  0  Ledyba  7  3  40  20  30  40  80  55  68  48  155
166  0  Ledian  7  3  55  35  50  55  110  85  68  48  89
167  0  Spinarak  7  4  40  60  40  40  40  30  68  15  97
168  0  Ariados  7  4  70  90  70  60  60  40  68  15  97
169  0  Crobat  4  3  85  90  80  70  80  130  39  0  151
170  0  Chinchou  11  13  75  38  38  56  56  67  10  35  11
171  0  Lanturn  11  13  125  58  58  76  76  67  10  35  11
172  0  Pichu  13  0  20  40  15  35  35  60  9  0  31
172  1  Spiky Pichu  13  0  20  40  15  35  35  60  9  0  31
173  0  Cleffa  1  0  50  25  28  45  55  15  56  98  132
174  0  Igglybuff  1  0  90  30  15  40  20  15  56  0  132
175  0  Togepi  1  0  35  20  65  40  65  20  55  32  105
176  0  Togetic  1  3  55  40  85  80  105  40  55  32  105
177  0  Natu  14  3  40  50  45  70  45  70  28  48  156
178  0  Xatu  14  3  65  75  70  95  70  95  28  48  156
179  0  Mareep  13  0  55  40  40  65  45  35  9  0  57
180  0  Flaaffy  13  0  70  55  55  80  60  45  9  0  57
181  0  Ampharos  13  0  90  75  75  115  90  55  9  0  57
182  0  Bellossom  12  0  75  80  85  90  100  50  34  0  131
183  0  Marill  11  0  70  20  50  20  50  40  47  37  157
184  0  Azumarill  11  0  100  50  80  50  80  50  47  37  157
185  0  Sudowoodo  6  0  70  100  115  30  65  30  5  69  155
186  0  Politoed  11  0  90  75  75  90  100  70  11  6  2
187  0  Hoppip  12  3  35  35  40  35  55  50  34  102  151
188  0  Skiploom  12  3  55  45  50  45  65  80  34  102  151
189  0  Jumpluff  12  3  75  55  70  55  85  110  34  102  151
190  0  Aipom  1  0  55  70  55  40  55  85  50  53  92
191  0  Sunkern  12  0  30  30  30  30  30  30  34  94  48
192  0  Sunflora  12  0  75  75  55  105  85  30  34  94  48
193  0  Yanma  7  3  65  65  45  75  45  95  3  14  119
194  0  Wooper  11  5  55  45  45  25  25  15  6  11  109
195  0  Quagsire  11  5  95  85  85  65  65  35  6  11  109
196  0  Espeon  14  0  65  65  60  130  95  110  28  0  156
197  0  Umbreon  17  0  95  65  110  60  130  65  28  0  39
198  0  Murkrow  17  3  60  85  42  85  42  91  15  105  158
199  0  Slowking  11  14  95  75  80  100  110  30  12  20  144
200  0  Misdreavus  8  0  60  60  60  85  85  85  26  0  0
201  0  Unown  14  0  48  72  48  72  48  48  26  0  0
201  1  Unown-B  14  0  48  72  48  72  48  48  26  0  0
201  2  Unown-C  14  0  48  72  48  72  48  48  26  0  0
201  3  Unown-D  14  0  48  72  48  72  48  48  26  0  0
201  4  Unown-E  14  0  48  72  48  72  48  48  26  0  0
201  5  Unown-F  14  0  48  72  48  72  48  48  26  0  0
201  6  Unown-G  14  0  48  72  48  72  48  48  26  0  0
201  7  Unown-H  14  0  48  72  48  72  48  48  26  0  0
201  8  Unown-I  14  0  48  72  48  72  48  48  26  0  0
201  9  Unown-J  14  0  48  72  48  72  48  48  26  0  0
201  10  Unown-K  14  0  48  72  48  72  48  48  26  0  0
201  11  Unown-L  14  0  48  72  48  72  48  48  26  0  0
201  12  Unown-M  14  0  48  72  48  72  48  48  26  0  0
201  13  Unown-N  14  0  48  72  48  72  48  48  26  0  0
201  14  Unown-O  14  0  48  72  48  72  48  48  26  0  0
201  15  Unown-P  14  0  48  72  48  72  48  48  26  0  0
201  16  Unown-Q  14  0  48  72  48  72  48  48  26  0  0
201  17  Unown-R  14  0  48  72  48  72  48  48  26  0  0
201  18  Unown-S  14  0  48  72  48  72  48  48  26  0  0
201  19  Unown-T  14  0  48  72  48  72  48  48  26  0  0
201  20  Unown-U  14  0  48  72  48  72  48  48  26  0  0
201  21  Unown-V  14  0  48  72  48  72  48  48  26  0  0
201  22  Unown-W  14  0  48  72  48  72  48  48  26  0  0
201  23  Unown-X  14  0  48  72  48  72  48  48  26  0  0
201  24  Unown-Y  14  0  48  72  48  72  48  48  26  0  0
201  25  Unown-Z  14  0  48  72  48  72  48  48  26  0  0
201  26  Unown-!  14  0  48  72  48  72  48  48  26  0  0
201  27  Unown-?  14  0  48  72  48  72  48  48  26  0  0
202  0  Wobbuffet  14  0  190  33  58  33  58  33  23  0  140
203  0  Girafarig  1  14  70  80  65  90  65  85  39  48  157
204  0  Pineco  7  0  50  65  90  35  35  15  5  0  142
205  0  Forretress  7  9  75  90  140  60  60  40  5  0  142
206  0  Dunsparce  1  0  100  70  70  65  65  45  32  50  155
207  0  Gligar  5  3  65  75  105  35  65  85  52  8  17
208  0  Steelix  9  5  75  85  200  55  65  30  69  5  125
209  0  Snubbull  1  0  60  80  50  40  40  30  22  50  155
210  0  Granbull  1  0  90  120  75  60  60  45  22  95  155
211  0  Qwilfish  11  4  65  95  75  55  55  85  38  33  22
212  0  Scizor  7  9  70  130  100  55  80  65  68  101  135
213  0  Shuckle  7  6  20  10  230  10  230  5  5  82  126
214  0  Heracross  7  2  80  125  75  40  95  85  68  62  153
215  0  Sneasel  17  15  55  95  55  35  75  115  39  51  124
216  0  Teddiursa  1  0  60  80  50  50  50  40  53  95  118
217  0  Ursaring  1  0  90  130  75  75  75  55  62  95  127
218  0  Slugma  10  0  40  40  40  70  40  20  40  49  133
219  0  Magcargo  10  6  50  50  120  80  80  30  40  49  133
220  0  Swinub  15  5  50  50  40  30  30  50  12  81  47
221  0  Piloswine  15  5  100  100  80  60  60  50  12  81  47
222  0  Corsola  11  6  55  55  85  65  85  35  55  30  144
223  0  Remoraid  11  0  35  65  35  65  35  65  55  97  141
224  0  Octillery  11  0  75  105  75  105  75  45  21  97  141
225  0  Delibird  15  3  45  55  45  65  45  75  72  55  15
226  0  Mantine  11  3  65  40  70  80  140  70  33  11  41
227  0  Skarmory  9  3  65  80  140  40  70  70  51  5  133
228  0  Houndour  17  10  45  60  30  80  50  65  48  18  127
229  0  Houndoom  17  10  75  90  50  110  80  95  48  18  127
230  0  Kingdra  11  16  75  95  95  95  95  85  33  97  6
231  0  Phanpy  5  0  90  60  60  40  40  40  53  0  8
232  0  Donphan  5  0  90  120  120  60  60  50  5  0  8
233  0  Porygon2  1  0  85  80  90  105  95  60  36  88  148
234  0  Stantler  1  0  73  95  62  85  65  85  22  119  157
235  0  Smeargle  1  0  55  20  35  20  45  75  20  101  141
236  0  Tyrogue  2  0  35  35  35  35  35  35  62  80  72
237  0  Hitmontop  2  0  50  95  95  35  110  70  22  101  80
238  0  Smoochum  15  14  45  30  15  85  65  65  12  108  93
239  0  Elekid  13  0  45  63  37  65  55  95  9  0  72
240  0  Magby  10  0  45  75  37  70  55  83  49  0  72
241  0  Miltank  1  0  95  80  105  40  70  100  47  113  157
242  0  Blissey  1  0  255  10  10  75  135  55  30  32  131
243  0  Raikou  13  0  90  85  75  115  100  115  46  0  10
244  0  Entei  10  0  115  115  85  90  75  100  46  0  18
245  0  Suicune  11  0  100  75  115  90  115  85  46  0  11
246  0  Larvitar  6  5  50  64  50  45  50  41  62  0  8
247  0  Pupitar  6  5  70  84  70  65  70  51  61  0  61
248  0  Tyranitar  6  17  100  134  110  95  100  61  45  0  127
249  0  Lugia  14  3  106  90  130  90  154  110  46  0  136
250  0  Ho-Oh  10  3  106  130  90  110  154  90  46  0  144
251  0  Celebi  14  12  100  100  100  100  100  100  30  0  0
252  0  Treecko  12  0  40  45  35  65  55  70  65  0  84
253  0  Grovyle  12  0  50  65  45  85  65  95  65  0  84
254  0  Sceptile  12  0  70  85  65  105  85  120  65  0  84
255  0  Torchic  10  0  45  60  40  70  50  45  66  0  3
256  0  Combusken  10  2  60  85  60  85  60  55  66  0  3
257  0  Blaziken  10  2  80  120  70  110  70  80  66  0  3
258  0  Mudkip  11  0  50  70  50  50  50  40  67  0  6
259  0  Marshtomp  11  5  70  85  70  60  70  50  67  0  6
260  0  Swampert  11  5  100  110  90  85  90  60  67  0  6
261  0  Poochyena  17  0  35  55  35  30  30  35  50  95  155
262  0  Mightyena  17  0  70  90  70  60  60  70  22  95  153
263  0  Zigzagoon  1  0  38  30  41  30  41  60  53  82  95
264  0  Linoone  1  0  78  70  61  50  61  100  53  82  95
265  0  Wurmple  7  0  45  45  35  20  30  20  19  0  50
266  0  Silcoon  7  0  50  35  55  25  25  15  61  0  61
267  0  Beautifly  7  3  60  70  50  90  50  65  68  0  79
268  0  Cascoon  7  0  50  35  55  25  25  15  61  0  61
269  0  Dustox  7  4  60  50  70  50  90  65  19  0  14
270  0  Lotad  11  12  40  30  30  40  50  30  33  44  20
271  0  Lombre  11  12  60  50  50  60  70  50  33  44  20
272  0  Ludicolo  11  12  80  70  70  90  100  70  33  44  20
273  0  Seedot  12  0  40  40  50  30  30  30  34  48  124
274  0  Nuzleaf  12  17  70  70  40  60  40  60  34  48  124
275  0  Shiftry  12  17  90  100  60  90  60  80  34  48  124
276  0  Taillow  1  3  40  55  30  30  30  85  62  0  113
277  0  Swellow  1  3  60  85  60  50  50  125  62  0  113
278  0  Wingull  11  3  40  30  30  55  30  85  51  0  44
279  0  Pelipper  11  3  60  50  100  85  70  65  51  0  44
280  0  Ralts  14  0  28  25  25  45  35  40  28  36  140
281  0  Kirlia  14  0  38  35  35  65  55  50  28  36  140
282  0  Gardevoir  14  0  68  65  65  125  115  80  28  36  140
283  0  Surskit  7  11  40  30  32  50  52  65  33  0  44
284  0  Masquerain  7  3  70  60  62  80  82  60  22  0  127
285  0  Shroomish  12  0  60  40  60  40  60  35  27  90  95
286  0  Breloom  12  2  60  130  80  60  60  70  27  90  101
287  0  Slakoth  1  0  60  60  60  35  35  30  54  0  0
288  0  Vigoroth  1  0  80  80  80  55  55  90  72  0  0
289  0  Slaking  1  0  150  160  100  95  65  100  54  0  0
290  0  Nincada  7  5  31  45  90  30  30  40  14  0  50
291  0  Ninjask  7  3  61  90  45  50  50  160  3  0  151
292  0  Shedinja  7  8  1  90  45  30  30  40  25  0  25
293  0  Whismur  1  0  64  51  23  51  23  28  43  0  155
294  0  Loudred  1  0  84  71  43  71  43  48  43  0  113
295  0  Exploud  1  0  104  91  63  91  63  68  43  0  113
296  0  Makuhita  2  0  72  60  30  20  30  25  47  62  125
297  0  Hariyama  2  0  144  120  60  40  60  50  47  62  125
298  0  Azurill  1  0  50  20  40  20  40  20  47  37  157
299  0  Nosepass  6  0  30  45  135  45  90  30  5  42  159
300  0  Skitty  1  0  50  45  45  35  35  50  56  96  147
301  0  Delcatty  1  0  70  65  65  55  55  70  56  96  147
302  0  Sableye  17  8  50  75  75  65  65  50  51  100  158
303  0  Mawile  9  0  50  85  85  55  55  50  52  22  125
304  0  Aron  9  6  50  70  100  40  40  30  5  69  134
305  0  Lairon  9  6  60  90  140  50  50  40  5  69  134
306  0  Aggron  9  6  70  110  180  60  60  50  5  69  134
307  0  Meditite  2  14  30  40  55  40  55  60  74  0  140
308  0  Medicham  2  14  60  60  75  60  75  80  74  0  140
309  0  Electrike  13  0  40  45  40  65  40  65  9  31  58
310  0  Manectric  13  0  70  75  60  105  60  105  9  31  58
311  0  Plusle  13  0  60  50  40  85  75  95  57  0  0
312  0  Minun  13  0  60  40  50  75  85  95  58  0  0
313  0  Volbeat  7  0  65  73  55  47  75  85  35  68  158
314  0  Illumise  7  0  65  47  55  73  75  85  12  110  158
315  0  Roselia  12  4  50  60  45  100  80  65  30  38  102
316  0  Gulpin  4  0  70  43  53  43  53  40  64  60  82
317  0  Swalot  4  0  100  73  83  73  83  55  64  60  82
318  0  Carvanha  11  17  45  90  20  65  20  65  24  0  3
319  0  Sharpedo  11  17  70  120  40  95  40  95  24  0  3
320  0  Wailmer  11  0  130  70  35  70  35  60  41  12  46
321  0  Wailord  11  0  170  90  45  90  45  60  41  12  46
322  0  Numel  10  5  60  60  40  65  45  35  12  86  20
323  0  Camerupt  10  5  70  100  70  105  75  40  40  116  83
324  0  Torkoal  10  0  70  85  140  85  70  20  73  0  75
325  0  Spoink  14  0  60  25  35  70  80  60  47  20  82
326  0  Grumpig  14  0  80  45  65  90  110  80  47  20  82
327  0  Spinda  1  0  60  60  60  60  60  60  20  77  126
328  0  Trapinch  5  0  45  100  45  45  45  10  52  71  125
329  0  Vibrava  5  16  50  70  50  50  50  70  26  0  26
330  0  Flygon  5  16  80  100  80  80  80  100  26  0  26
331  0  Cacnea  12  0  50  85  40  85  40  35  8  0  11
332  0  Cacturne  12  17  70  115  60  115  60  55  8  0  11
333  0  Swablu  1  3  45  40  60  40  75  50  30  0  13
334  0  Altaria  16  3  75  70  90  70  105  80  30  0  13
335  0  Zangoose  1  0  73  115  60  60  60  90  17  0  137
336  0  Seviper  4  0  73  100  60  100  60  65  61  0  151
337  0  Lunatone  6  14  70  55  65  95  85  70  26  0  0
338  0  Solrock  6  14  70  95  85  55  65  70  26  0  0
339  0  Barboach  11  5  50  48  43  46  41  60  12  107  93
340  0  Whiscash  11  5  110  78  73  76  71  60  12  107  93
341  0  Corphish  11  0  43  80  65  50  35  35  52  75  91
342  0  Crawdaunt  11  17  63  120  85  90  55  55  52  75  91
343  0  Baltoy  5  14  40  40  55  40  70  55  26  0  0
344  0  Claydol  5  14  60  70  105  70  120  75  26  0  0
345  0  Lileep  6  12  66  41  77  61  87  23  21  0  114
346  0  Cradily  6  12  86  81  97  81  107  43  21  0  114
347  0  Anorith  6  7  45  95  50  40  50  75  4  0  33
348  0  Armaldo  6  7  75  125  100  70  80  45  4  0  33
349  0  Feebas  11  0  20  15  20  10  55  80  33  0  91
350  0  Milotic  11  0  95  60  79  100  125  81  63  0  56
351  0  Castform  1  0  70  70  70  70  70  70  59  0  0
351  1  Castform-Snowy  15  0  70  70  70  70  70  70  59  0  0
351  2  Castform-Rainy  11  0  70  70  70  70  70  70  59  0  0
351  4  Castform-Sunny  10  0  70  70  70  70  70  70  59  0  0
352  0  Kecleon  1  0  60  90  70  60  120  40  16  0  0
353  0  Shuppet  8  0  44  75  35  63  33  45  15  119  130
354  0  Banette  8  0  64  115  65  83  63  65  15  119  130
355  0  Duskull  8  0  20  40  90  30  90  25  26  0  0
356  0  Dusclops  8  0  40  70  130  60  130  25  46  0  0
357  0  Tropius  12  3  99  68  83  72  87  51  34  94  139
358  0  Chimecho  14  0  65  50  70  95  80  65  26  0  0
359  0  Absol  17  0  65  130  60  75  60  75  46  105  154
360  0  Wynaut  14  0  95  23  48  23  48  23  23  0  140
361  0  Snorunt  15  0  50  50  50  50  50  50  39  115  141
362  0  Glalie  15  0  80  80  80  80  80  80  39  115  141
363  0  Spheal  15  11  70  40  50  55  50  25  47  115  12
364  0  Sealeo  15  11  90  60  70  75  70  45  47  115  12
365  0  Walrein  15  11  110  80  90  95  90  65  47  115  12
366  0  Clamperl  11  0  35  64  85  74  55  32  75  0  155
367  0  Huntail  11  0  55  104  105  94  75  52  33  0  41
368  0  Gorebyss  11  0  55  84  105  114  75  52  33  0  93
369  0  Relicanth  11  6  100  90  130  45  65  55  33  69  5
370  0  Luvdisc  11  0  43  30  55  40  65  97  33  0  93
371  0  Bagon  16  0  45  75  60  40  30  50  69  0  125
372  0  Shelgon  16  0  65  95  100  60  50  50  69  0  142
373  0  Salamence  16  3  95  135  80  110  80  100  22  0  153
374  0  Beldum  9  14  40  55  80  35  60  30  29  0  135
375  0  Metang  9  14  60  75  100  55  80  50  29  0  135
376  0  Metagross  9  14  80  135  130  95  90  70  29  0  135
377  0  Regirock  6  0  80  100  200  50  100  50  29  0  5
378  0  Regice  15  0  80  50  100  100  200  50  29  0  115
379  0  Registeel  9  0  80  75  150  75  150  50  29  0  135
380  0  Latias  16  14  80  80  90  110  130  110  26  0  0
381  0  Latios  16  14  80  90  80  130  110  110  26  0  0
382  0  Kyogre  11  0  100  100  90  150  140  90  2  0  0
383  0  Groudon  5  0  100  150  140  100  90  90  70  0  0
384  0  Rayquaza  16  3  105  150  90  150  90  95  76  0  0
385  0  Jirachi  9  14  100  100  100  100  100  100  32  0  0
386  0  Deoxys  14  0  50  150  50  150  50  150  46  0  0
386  1  Deoxys-A  14  0  50  180  20  180  20  150  46  0  0
386  2  Deoxys-D  14  0  50  70  160  70  160  90  46  0  0
386  3  Deoxys-S  14  0  50  95  90  95  90  180  46  0  0
387  0  Turtwig  12  0  55  68  64  45  55  31  65  0  75
388  0  Grotle  12  0  75  89  85  55  65  36  65  0  75
389  0  Torterra  12  5  95  109  105  75  85  56  65  0  75
390  0  Chimchar  10  0  44  58  44  58  44  61  66  0  89
391  0  Monferno  10  2  64  78  52  78  52  81  66  0  89
392  0  Infernape  10  2  76  104  71  104  71  108  66  0  89
393  0  Piplup  11  0  53  51  53  61  56  40  67  0  128
394  0  Prinplup  11  0  64  66  68  81  76  50  67  0  128
395  0  Empoleon  11  9  84  86  88  111  101  60  67  0  128
396  0  Starly  1  3  40  55  30  30  30  60  51  0  51
397  0  Staravia  1  3  55  75  50  40  40  80  22  0  120
398  0  Staraptor  1  3  85  120  70  50  50  100  22  0  120
399  0  Bidoof  1  0  59  45  40  35  40  31  86  109  141
400  0  Bibarel  1  11  79  85  60  55  60  71  86  109  141
401  0  Kricketot  7  0  37  25  41  25  41  25  61  0  50
402  0  Kricketune  7  0  77  85  51  55  51  65  68  0  101
403  0  Shinx  13  0  45  65  34  40  34  45  79  22  62
404  0  Luxio  13  0  60  85  49  60  49  60  79  22  62
405  0  Luxray  13  0  80  120  79  95  79  70  79  22  62
406  0  Budew  12  4  40  30  35  50  70  55  30  38  102
407  0  Roserade  12  4  60  70  55  125  105  90  30  38  101
408  0  Cranidos  6  0  67  125  40  30  30  58  104  0  125
409  0  Rampardos  6  0  97  165  60  65  50  58  104  0  125
410  0  Shieldon  6  9  30  42  118  42  88  30  5  0  43
411  0  Bastiodon  6  9  60  52  168  47  138  30  5  0  43
412  0  Burmy  7  0  40  29  45  29  45  36  61  0  142
412  1  Burmy-G  7  0  40  29  45  29  45  36  61  0  142
412  2  Burmy-S  7  0  40  29  45  29  45  36  61  0  142
413  0  Wormadam  7  12  60  59  85  79  105  36  107  0  142
413  1  Wormadam-G  7  5  60  79  105  59  85  36  107  0  142
413  2  Wormadam-S  7  9  60  69  95  69  95  36  107  0  142
414  0  Mothim  7  3  70  94  50  94  50  66  68  0  110
415  0  Combee  7  3  30  30  42  30  42  70  118  0  55
416  0  Vespiquen  7  3  70  80  102  80  102  40  46  0  127
417  0  Pachirisu  13  0  60  45  70  45  90  95  50  53  10
418  0  Buizel  11  0  55  65  35  60  30  85  33  0  41
419  0  Floatzel  11  0  85  105  55  85  50  115  33  0  41
420  0  Cherubi  12  0  45  35  45  62  53  35  34  0  0
421  0  Cherrim  12  0  70  60  70  87  78  85  122  0  0
421  1  Cherrim-Sunshine  12  0  70  60  70  87  78  85  122  0  0
422  0  Shellos  11  0  76  48  48  57  62  34  60  114  159
422  1  Shellos-East  11  0  76  48  48  57  62  34  60  114  159
423  0  Gastrodon  11  5  111  83  68  92  82  39  60  114  159
423  1  Gastrodon-East  11  5  111  83  68  92  82  39  60  114  159
424  0  Ambipom  1  0  75  100  66  60  66  115  101  53  92
425  0  Drifloon  8  3  90  50  34  60  44  70  106  84  138
426  0  Drifblim  8  3  150  80  44  90  54  80  106  84  138
427  0  Buneary  1  0  55  66  44  44  56  85  50  103  7
428  0  Lopunny  1  0  65  76  84  54  96  105  56  103  7
429  0  Mismagius  8  0  60  60  60  105  105  105  26  0  0
430  0  Honchkrow  17  3  100  125  52  105  52  71  15  105  153
431  0  Glameow  1  0  49  55  42  42  37  85  7  20  51
432  0  Purugly  1  0  71  82  64  64  59  112  47  20  128
433  0  Chingling  14  0  45  30  50  65  50  45  26  0  0
434  0  Stunky  4  17  63  63  47  41  41  74  1  106  51
435  0  Skuntank  4  17  103  93  67  71  61  84  1  106  51
436  0  Bronzor  9  14  57  24  86  24  86  23  26  85  134
437  0  Bronzong  9  14  67  89  116  79  116  33  26  85  134
438  0  Bonsly  6  0  50  80  95  10  45  10  5  69  155
439  0  Mime Jr.  14  0  20  25  45  70  90  60  43  111  101
440  0  Happiny  1  0  100  5  5  15  65  30  30  32  132
441  0  Chatot  1  3  76  65  45  92  42  91  51  77  145
442  0  Spiritomb  8  17  50  92  108  92  108  35  46  0  151
443  0  Gible  16  5  58  70  45  40  45  42  8  0  24
444  0  Gabite  16  5  68  90  65  50  55  82  8  0  24
445  0  Garchomp  16  5  108  130  95  80  85  102  8  0  24
446  0  Munchlax  1  0  135  85  40  40  85  5  53  47  82
447  0  Riolu  2  0  40  70  40  35  40  60  80  39  158
448  0  Lucario  2  9  70  110  70  115  70  90  80  39  154
449  0  Hippopotas  5  0  68  72  78  38  42  32  45  0  159
450  0  Hippowdon  5  0  108  112  118  68  72  47  45  0  159
451  0  Skorupi  4  7  40  50  90  30  55  65  4  97  51
452  0  Drapion  4  17  70  90  110  60  75  95  4  97  51
453  0  Croagunk  4  2  48  61  40  61  40  50  107  87  143
454  0  Toxicroak  4  2  83  106  65  86  65  85  107  87  143
455  0  Carnivine  12  0  74  100  72  90  72  46  26  0  0
456  0  Finneon  11  0  49  49  56  49  61  66  33  114  41
457  0  Lumineon  11  0  69  69  76  69  86  91  33  114  41
458  0  Mantyke  11  3  45  20  50  60  120  50  33  11  41
459  0  Snover  15  12  60  62  50  62  60  40  117  0  43
460  0  Abomasnow  15  12  90  92  75  92  85  60  117  0  43
461  0  Weavile  17  15  70  120  65  45  85  125  46  0  124
462  0  Magnezone  13  9  70  70  115  130  90  60  42  5  148
463  0  Lickilicky  1  0  110  85  95  80  95  50  20  12  13
464  0  Rhyperior  5  6  115  140  130  55  55  40  31  116  120
465  0  Tangrowth  12  0  100  100  125  110  50  50  34  102  144
466  0  Electivire  13  0  75  123  67  95  85  95  78  0  72
467  0  Magmortar  10  0  75  95  67  125  95  83  49  0  72
468  0  Togekiss  1  3  85  50  95  120  115  80  55  32  105
469  0  Yanmega  7  3  86  76  86  116  56  95  3  110  119
470  0  Leafeon  12  0  65  110  130  60  65  95  102  0  34
471  0  Glaceon  15  0  65  60  110  130  95  65  81  0  115
472  0  Gliscor  5  3  75  95  125  45  75  95  52  8  90
473  0  Mamoswine  15  5  110  130  80  70  60  80  12  81  47
474  0  Porygon-Z  1  0  85  80  70  135  75  90  91  88  148
475  0  Gallade  14  2  68  125  65  65  115  80  80  0  154
476  0  Probopass  6  9  60  55  145  75  150  40  5  42  159
477  0  Dusknoir  8  0  45  100  135  65  135  45  46  0  0
478  0  Froslass  15  8  70  80  70  80  70  110  81  0  130
479  0  Rotom  13  8  50  50  77  95  77  91  26  0  0
479  1  Rotom-C  13  12  50  65  107  105  107  86  26  0  0
479  2  Rotom-H  13  10  50  65  107  105  107  86  26  0  0
479  3  Rotom-F  13  15  50  65  107  105  107  86  26  0  0
479  4  Rotom-W  13  11  50  65  107  105  107  86  26  0  0
479  5  Rotom-S  13  3  50  65  107  105  107  86  26  0  0
480  0  Uxie  14  0  75  75  130  75  130  95  26  0  0
481  0  Mesprit  14  0  80  105  105  105  105  80  26  0  0
482  0  Azelf  14  0  75  125  70  125  70  115  26  0  0
483  0  Dialga  9  16  100  120  120  150  100  90  46  0  140
484  0  Palkia  11  16  90  120  100  150  120  100  46  0  140
485  0  Heatran  10  9  91  90  106  130  106  77  18  0  49
486  0  Regigigas  1  0  110  160  110  80  110  100  112  0  0
487  0  Giratina  8  16  150  100  120  100  120  90  46  0  140
487  1  Giratina-O  8  16  150  120  100  120  100  90  26  0  140
488  0  Cresselia  14  0  120  70  120  75  130  85  26  0  0
489  0  Phione  11  0  80  80  80  80  80  80  93  0  0
490  0  Manaphy  11  0  100  100  100  100  100  100  93  0  0
491  0  Darkrai  17  0  70  90  90  135  90  125  123  0  0
492  0  Shaymin  12  0  100  100  100  100  100  100  30  0  0
492  1  Shaymin-S  12  3  100  103  75  120  75  127  32  0  0
493  0  Arceus  1  0  120  120  120  120  120  120  121  0  0
493  1  Arceus-Fighting  2  0  120  120  120  120  120  120  121  0  0
493  2  Arceus-Flying  3  0  120  120  120  120  120  120  121  0  0
493  3  Arceus-Poison  4  0  120  120  120  120  120  120  121  0  0
493  4  Arceus-Ground  5  0  120  120  120  120  120  120  121  0  0
493  5  Arceus-Rock  6  0  120  120  120  120  120  120  121  0  0
493  6  Arceus-Bug  7  0  120  120  120  120  120  120  121  0  0
493  7  Arceus-Ghost  8  0  120  120  120  120  120  120  121  0  0
493  8  Arceus-Steel  9  0  120  120  120  120  120  120  121  0  0
493  9  Arceus-Fire  10  0  120  120  120  120  120  120  121  0  0
493  10  Arceus-Water  11  0  120  120  120  120  120  120  121  0  0
493  11  Arceus-Grass  12  0  120  120  120  120  120  120  121  0  0
493  12  Arceus-Electric  13  0  120  120  120  120  120  120  121  0  0
493  13  Arceus-Psychic  14  0  120  120  120  120  120  120  121  0  0
493  14  Arceus-Ice  15  0  120  120  120  120  120  120  121  0  0
493  15  Arceus-Dragon  16  0  120  120  120  120  120  120  121  0  0
493  16  Arceus-Dark  17  0  120  120  120  120  120  120  121  0  0
493  17  Arceus-???  0  0  120  120  120  120  120  120  121  0  0
494  0  Victini  14  10  100  100  100  100  100  100  162  0  0
495  0  Snivy  12  0  45  45  55  45  55  63  65  0  126
496  0  Servine  12  0  60  60  75  60  75  83  65  0  126
497  0  Serperior  12  0  75  75  95  75  95  113  65  0  126
498  0  Tepig  10  0  65  63  45  45  45  45  66  0  47
499  0  Pignite  10  2  90  93  55  70  55  55  66  0  47
500  0  Emboar  10  2  110  123  65  100  65  65  66  0  120
501  0  Oshawott  11  0  55  55  45  63  45  45  67  0  75
502  0  Dewott  11  0  75  75  60  83  60  60  67  0  75
503  0  Samurott  11  0  95  100  85  108  70  70  67  0  75
504  0  Patrat  1  0  45  55  39  35  39  42  50  51  148
505  0  Watchog  1  0  60  85  69  60  69  77  35  51  148
506  0  Lillipup  1  0  45  60  45  25  45  55  72  53  50
507  0  Herdier  1  0  65  80  65  35  65  60  22  146  113
508  0  Stoutland  1  0  85  100  90  45  90  80  22  146  113
509  0  Purrloin  17  0  41  50  37  50  37  66  7  84  158
510  0  Liepard  17  0  64  88  50  88  50  106  7  84  158
511  0  Pansage  12  0  50  53  48  53  48  64  82  0  65
512  0  Simisage  12  0  75  98  63  98  63  101  82  0  65
513  0  Pansear  10  0  50  53  48  53  48  64  82  0  66
514  0  Simisear  10  0  75  98  63  98  63  101  82  0  66
515  0  Panpour  11  0  50  53  48  53  48  64  82  0  67
516  0  Simipour  11  0  75  98  63  98  63  101  82  0  67
517  0  Munna  14  0  76  25  45  67  55  24  108  28  140
518  0  Musharna  14  0  116  55  85  107  95  29  108  28  140
519  0  Pidove  1  3  50  55  50  36  30  43  145  105  79
520  0  Tranquill  1  3  62  77  62  50  42  65  145  105  79
521  0  Unfezant  1  3  80  105  80  65  55  93  145  105  79
522  0  Blitzle  13  0  45  60  32  50  32  76  31  78  157
523  0  Zebstrika  13  0  75  100  63  80  63  116  31  78  157
524  0  Roggenrola  6  0  55  75  85  25  25  15  5  0  159
525  0  Boldore  6  0  70  105  105  50  40  20  5  0  159
526  0  Gigalith  6  0  85  135  130  60  70  25  5  0  159
527  0  Woobat  14  3  55  45  43  55  43  72  109  103  86
528  0  Swoobat  14  3  67  57  55  77  55  114  109  103  86
529  0  Drilbur  5  0  60  85  40  30  45  68  146  159  104
530  0  Excadrill  5  9  110  135  60  50  65  88  146  159  104
531  0  Audino  1  0  103  60  86  60  86  50  131  144  103
532  0  Timburr  2  0  75  80  55  25  35  35  62  125  89
533  0  Gurdurr  2  0  85  105  85  40  50  40  62  125  89
534  0  Conkeldurr  2  0  105  140  95  55  65  45  62  125  89
535  0  Tympole  11  0  50  50  40  50  40  64  33  93  11
536  0  Palpitoad  11  5  75  65  55  65  55  69  33  93  11
537  0  Seismitoad  11  5  105  85  75  85  75  74  33  143  11
538  0  Throh  2  0  120  100  85  30  85  45  62  39  104
539  0  Sawk  2  0  75  125  75  30  75  85  5  39  104
540  0  Sewaddle  7  12  45  53  70  40  60  42  68  34  142
541  0  Swadloon  7  12  55  63  90  50  80  42  102  34  142
542  0  Leavanny  7  12  75  103  80  70  70  92  68  34  142
543  0  Venipede  7  4  30  45  59  30  39  57  38  68  95
544  0  Whirlipede  7  4  40  55  99  40  79  47  38  68  95
545  0  Scolipede  7  4  60  90  89  55  69  112  38  68  95
546  0  Cottonee  12  0  40  27  60  37  50  66  158  151  34
547  0  Whimsicott  12  0  60  67  85  77  75  116  158  151  34
548  0  Petilil  12  0  45  35  50  70  50  30  34  20  102
549  0  Lilligant  12  0  70  60  75  110  75  90  34  20  102
550  0  Basculin  11  0  70  92  65  80  55  98  120  91  104
550  1  Basculin-A  11  0  70  92  65  80  55  98  69  91  104
551  0  Sandile  5  17  50  72  35  35  35  65  22  153  83
552  0  Krokorok  5  17  60  82  45  45  45  74  22  153  83
553  0  Krookodile  5  17  95  117  70  65  70  92  22  153  83
554  0  Darumaka  10  0  70  90  45  15  45  50  55  0  39
555  0  Darmanitan  10  0  105  140  55  30  55  95  125  0  161
555  1  Darmanitan-D  10  14  105  30  105  140  105  55  125  0  161
556  0  Maractus  12  0  75  86  67  106  67  60  11  34  114
557  0  Dwebble  7  6  50  65  85  35  35  55  5  75  133
558  0  Crustle  7  6  70  95  125  65  75  45  5  75  133
559  0  Scraggy  17  2  50  75  70  35  70  48  61  153  22
560  0  Scrafty  17  2  65  90  115  45  115  58  61  153  22
561  0  Sigilyph  14  3  72  58  80  103  80  97  147  98  110
562  0  Yamask  8  0  38  30  85  55  65  30  152  0  0
563  0  Cofagrigus  8  0  58  50  145  95  105  30  152  0  0
564  0  Tirtouga  11  6  54  78  103  53  45  22  116  5  33
565  0  Carracosta  11  6  74  108  133  83  65  32  116  5  33
566  0  Archen  6  3  55  112  45  74  45  70  129  0  0
567  0  Archeops  6  3  75  140  65  112  65  110  129  0  0
568  0  Trubbish  4  0  50  50  62  40  62  65  1  60  106
569  0  Garbodor  4  0  80  95  82  60  82  75  1  133  106
570  0  Zorua  17  0  40  65  40  80  40  65  149  0  0
571  0  Zoroark  17  0  60  105  60  120  60  105  149  0  0
572  0  Minccino  1  0  55  50  40  40  40  75  56  101  92
573  0  Cinccino  1  0  75  95  60  65  60  115  56  101  92
574  0  Gothita  14  0  45  30  50  55  65  45  119  0  23
575  0  Gothorita  14  0  60  45  70  75  85  55  119  0  23
576  0  Gothitelle  14  0  70  55  95  95  110  65  119  0  23
577  0  Solosis  14  0  45  30  40  105  50  20  142  98  144
578  0  Duosion  14  0  65  40  50  125  60  30  142  98  144
579  0  Reuniclus  14  0  110  65  75  125  85  30  142  98  144
580  0  Ducklett  11  3  62  44  50  44  50  55  51  145  93
581  0  Swanna  11  3  75  87  63  87  63  98  51  145  93
582  0  Vanillite  15  0  36  50  50  65  60  44  115  0  133
583  0  Vanillish  15  0  51  65  65  80  75  59  115  0  133
584  0  Vanilluxe  15  0  71  95  85  110  95  79  115  0  133
585  0  Deerling  1  12  60  60  50  40  50  75  34  157  32
585  1  Deerling-Summer  1  12  60  60  50  40  50  75  34  157  32
585  2  Deerling-Autumn  1  12  60  60  50  40  50  75  34  157  32
585  3  Deerling-Winter  1  12  60  60  50  40  50  75  34  157  32
586  0  Sawsbuck  1  12  80  100  70  60  70  95  34  157  32
586  1  Sawsbuck-Summer  1  12  80  100  70  60  70  95  34  157  32
586  2  Sawsbuck-Autumn  1  12  80  100  70  60  70  95  34  157  32
586  3  Sawsbuck-Winter  1  12  80  100  70  60  70  95  34  157  32
587  0  Emolga  13  3  55  75  60  75  60  103  9  0  78
588  0  Karrablast  7  0  50  75  45  40  45  60  68  61  99
589  0  Escavalier  7  9  70  135  105  60  105  20  68  75  142
590  0  Foongus  12  4  69  55  45  55  55  15  27  0  144
591  0  Amoonguss  12  4  114  85  70  85  80  30  27  0  144
592  0  Frillish  11  8  55  40  50  65  85  40  11  130  6
593  0  Jellicent  11  8  100  60  70  85  105  60  11  130  6
594  0  Alomomola  11  0  165  75  80  40  45  65  131  93  144
595  0  Joltik  7  13  50  47  50  57  50  65  14  127  68
596  0  Galvantula  7  13  70  77  60  97  60  108  14  127  68
597  0  Ferroseed  12  9  44  50  91  24  86  10  160  0  0
598  0  Ferrothorn  12  9  74  94  131  54  116  20  160  0  0
599  0  Klink  9  0  40  55  70  45  60  30  57  58  29
600  0  Klang  9  0  60  80  95  70  85  50  57  58  29
601  0  Klinklang  9  0  60  100  115  70  85  90  57  58  29
602  0  Tynamo  13  0  35  55  40  45  40  60  26  0  0
603  0  Eelektrik  13  0  65  85  70  75  70  40  26  0  0
604  0  Eelektross  13  0  85  115  80  105  80  50  26  0  0
605  0  Elgyem  14  0  55  55  55  85  55  30  140  28  148
606  0  Beheeyem  14  0  75  75  75  125  95  40  140  28  148
607  0  Litwick  8  10  50  30  55  65  55  20  18  49  23
608  0  Lampent  8  10  60  40  60  95  60  55  18  49  23
609  0  Chandelure  8  10  60  55  90  145  90  80  18  49  23
610  0  Axew  16  0  46  87  60  30  40  57  79  104  127
611  0  Fraxure  16  0  66  117  70  40  50  67  79  104  127
612  0  Haxorus  16  0  76  147  90  60  70  97  79  104  127
613  0  Cubchoo  15  0  55  70  40  60  40  40  81  0  155
614  0  Beartic  15  0  95  110  80  70  80  50  81  0  33
615  0  Cryogonal  15  0  70  50  30  95  135  105  26  0  0
616  0  Shelmet  7  0  50  40  85  40  65  25  93  75  142
617  0  Accelgor  7  0  80  70  40  100  60  145  93  60  84
618  0  Stunfisk  5  13  109  66  84  81  99  32  9  7  8
619  0  Mienfoo  2  0  45  85  50  55  50  65  39  144  120
620  0  Mienshao  2  0  65  125  60  95  60  105  39  144  120
621  0  Druddigon  16  0  77  120  90  60  90  48  24  125  104
622  0  Golett  5  8  59  74  50  35  50  35  89  103  99
623  0  Golurk  5  8  89  124  80  55  80  55  89  103  99
624  0  Pawniard  17  9  45  85  70  40  40  60  128  39  46
625  0  Bisharp  17  9  65  125  100  60  70  70  128  39  46
626  0  Bouffalant  1  0  95  110  95  40  95  55  120  157  43
627  0  Rufflet  1  3  70  83  50  37  50  60  51  125  55
628  0  Braviary  1  3  100  123  75  57  75  80  51  125  128
629  0  Vullaby  17  3  70  55  75  45  65  60  145  142  133
630  0  Mandibuzz  17  3  110  65  105  55  95  80  145  142  133
631  0  Heatmor  10  0  85  97  66  105  66  65  82  18  73
632  0  Durant  7  9  58  109  112  48  48  109  68  55  54
633  0  Deino  17  16  52  65  50  45  50  38  55  0  0
634  0  Zweilous  17  16  72  85  70  65  70  58  55  0  0
635  0  Hydreigon  17  16  92  105  90  125  90  98  26  0  0
636  0  Larvesta  7  10  55  85  55  50  55  60  49  0  68
637  0  Volcarona  7  10  85  60  65  135  105  100  49  0  68
638  0  Cobalion  9  2  91  90  129  90  72  108  154  0  0
639  0  Terrakion  6  2  91  129  90  72  90  108  154  0  0
640  0  Virizion  12  2  91  90  72  90  129  108  154  0  0
641  0  Tornadus  3  0  79  115  70  125  80  111  158  0  128
641  1  Tornadus-T  3  0  79  100  80  110  90  121  144  0  0
642  0  Thundurus  13  3  79  115  70  125  80  111  158  0  128
642  1  Thundurus-T  13  3  79  105  70  145  80  101  10  0  0
643  0  Reshiram  16  10  100  120  100  150  120  90  163  0  0
644  0  Zekrom  16  13  100  150  120  120  100  90  164  0  0
645  0  Landorus  5  3  89  125  90  115  80  101  159  0  125
645  1  Landorus-T  5  3  89  145  90  105  80  91  22  0  0
646  0  Kyurem  16  15  125  130  90  130  90  95  46  0  0
646  1  Kyurem-W  16  15  125  120  90  170  100  95  163  0  0
646  2  Kyurem-B  16  15  125  170  100  120  90  95  164  0  0
647  0  Keldeo  11  2  91  72  90  129  90  108  154  0  0
647  1  Keldeo-R  11  2  91  72  90  129  90  108  154  0  0
648  0  Meloetta  1  14  100  77  77  128  128  90  32  0  0
648  1  Meloetta-S  1  2  100  128  90  77  77  128    0  0
649  0  Genesect  7  9  71  120  95  120  95  99  88  0  0
649  1  Genesect-D  7  9  71  120  95  120  95  99  88  0  0
649  2  Genesect-S  7  9  71  120  95  120  95  99  88  0  0
649  3  Genesect-B  7  9  71  120  95  120  95  99  88  0  0
649  4  Genesect-C  7  9  71  120  95  120  95  99  88  0  0
